-73.7255261727003 40.2640294915368
-73.5467133893175 40.3162706580178
-73.3912240124629 40.2849259581292
-73.1968622913947 40.180443625167
-73.072470789911 40.1073059920936
-72.9403048195846 40.3058224247216
-72.78481544273 40.3998565243875
-72.7614920362018 40.619269423608
-72.6604239412463 40.6297176569042
-72.5282579709199 40.6401658902004
-72.497160095549 40.8282340895323
-72.4893856267062 40.9849575889755
-71.7741344931751 41.0685434553452
-71.5331259590505 40.6715105900891
-71.432057864095 40.4312012242762
-71.6808408670623 40.2535812582405
-72.2250536860534 39.9714789592428
-72.4116409382789 39.7625142933185
-72.4738366890208 39.4699637610245
-72.7226196919881 39.1669649954343
-72.9092069442137 38.9371038629176
-73.1968622913947 38.5714156975501
-73.4067729501484 38.5400709976615
-73.5933602023739 38.6027603974388
-73.7488495792285 38.7385874302895
-73.8265942676558 38.8848626964365
-73.6322325465875 39.2192061619154
-73.2435091044511 39.4908602276169
-73.4223218878338 39.8878930928731
-73.7877219234421 40.128202458686
-73.7255261727003 40.2640294915368
